CHR_20 15; 3,0
CHR_21 15; 9,18 9,3; 9,1.5 9,0
CHR_22 15; 7.5,18 7.5,16.5 6,15; 12,18 12,16.5 10.5,15 
CHR_23 15; 3,12 15,12; 3,6 15,6; 6,18 6,0; 12,18 12,0
CHR_24 15; 15,15 3,15 3,9 15,9 15,3 3,3; 3,9 15,9
CHR_25 15; 15,18 3,0; 3,18 9,18 9,12 3,12 3,18; 9,6 15,6 15,0 9,0 9,6
CHR_26 15; 3,0
CHR_27 15; 7.5,18 7.5,16.5 6,15
CHR_28 15; 9,18 3,12 3,6 9,0
CHR_29 15; 3,18 9,12 9,6 3,0
CHR_2A 15; 9,18 9,0; 3,9 15,9; 3,18 15,0; 15,18 3,0
CHR_2B 15; 9,18 9,0; 3,9 15,9
CHR_2C 15; 9,3 9,1.5 7.5,0
CHR_2D 15; 3,9 15,9
CHR_2E 15; 9,1.5 9,0
CHR_2F 15; 3,0 15,18
CHR_30 15; 3,18 15,18 15,0 3,0 3,18
CHR_31 15; 9,18 9,0
CHR_32 15; 3,18 15,18 15,9 3,9 3,0 15,0
CHR_33 15; 3,18 15,18 15,0 3,0; 3,9 15,9
CHR_34 15; 3,18 3,9 15,9; 15,18 15,0
CHR_35 15; 15,18 3,18 3,9 15,9 15,0 3,0
CHR_36 15; 3,18 3,0 15,0 15,9 3,9
CHR_37 15; 3,18 15,18 15,0
CHR_38 15; 3,18 15,18 15,0 3,0 3,18; 3,9 15,9
CHR_39 15; 15,9 3,9 3,18 15,18 15,0
CHR_3A 15; 9,12 9,10.5; 9,3 9,1.5
CHR_3B 15; 9,12 9,10.5; 9,3 9,1.5 7.5,0
CHR_3C 15; 15,18 3,9 15,0
CHR_3D 15; 3,12 15,12; 3,6 15,6
CHR_3E 15; 3,18 15,9 3,0
CHR_3F 15; 3,18 15,18 15,9 9,9 9,3; 9,1.5 9,0
CHR_40 15; 15,12 6,12 6,6 15,6 15,18 3,18 3,0 15,0
CHR_41 15; 3,0 3,12 9,18 15,12 15,0; 3,6 15,6
CHR_42 15; 3,0 3,18 12,18 15,15 15,12 12,9 3,9; 12,9 15,6 15,3 12,0 3,0
CHR_43 15; 15,18 3,18 3,0 15,0
CHR_44 15; 3,0 3,18 9,18 15,12 15,6 9,0 3,0
CHR_45 15; 15,18 3,18 3,0, 15,0; 3,9 12,9
CHR_46 15; 15,18 3,18 3,0; 3,9 12,9
CHR_47 15; 15,18 3,18 3,0 15,0 15,9 9,9
CHR_48 15; 3,18 3,0; 3,9 15,9; 15,18 15,0
CHR_49 15; 9,18 9,0; 3,18 15,18; 3,0 15,0
CHR_4A 15; 15,18, 15,0 9,0 3,6
CHR_4B 15; 3,18 3,0; 3,9 15,18; 3,9 15,0
CHR_4C 15; 3,18 3,0 15,0
CHR_4D 15; 3,0 3,18 9,12 15,18 15,0
CHR_4E 15; 3,0 3,18 15,0 15,18
CHR_4F 15; 3,18 15,18 15,0 3,0 3,18
CHR_50 15; 3,0 3,18 15,18 15,9 3,9
CHR_51 15; 3,18 15,18 15,6 9,0 3,0 3,18; 9,6 15,0
CHR_52 15; 3,0 3,18 15,18 15,9 3,9 15,0
CHR_53 15; 15,18 3,18 3,9 15,9 15,0 3,0
CHR_54 15; 3,18 15,18; 9,18 9,0
CHR_55 15; 3,18 3,0 15,0 15,18
CHR_56 15; 3,18 9,0 15,18
CHR_57 15; 3,18 3,0 9,6 15,0 15,18
CHR_58 15; 3,18 15,0; 15,18 3,0
CHR_59 15; 3,18 9,9 15,18; 9,9 9,0
CHR_5A 15; 3,18 15,18 3,0 15,0
CHR_5B 15; 12,18 9,18 9,0 12,0
CHR_5C 15; 3,18 15,0
CHR_5D 15; 6,18 9,18 9,0 6,0
CHR_5E 15; 6,15 9,18 12,15
CHR_5F 15; 3,0 15,0
CHR_60 12; 9,18 9,16.5 10.5,15
CHR_61 9; 3,0 9,0 9,4.5 9,9 3,9; 3,0 3,4.5 9,4.5
CHR_62 9; 3,18 3,9 3,0 9,0 9,9 3,9
CHR_63 9; 9,0 3,0 3,9 9,9
CHR_64 9; 9,18 9,0 3,0 3,9 9,9
CHR_65 9; 9,0 3,0 3,9 9,9 9,4.5 3,4.5
CHR_66 9; 3,-4.5 3,9 9,9 9,6;3,4.5 9,4.5
CHR_67 9; 9,0 3,0 3,9 9,9 9,0 9,-4.5 3,-4.5
CHR_68 9; 3,0 3,18; 3,9 9,9 9,0
CHR_69 3; 3,0 3,9; 3,12 3,10
CHR_6A 9; 9,4.5 9,-4.5 4,-4.5; 9,9 9,7
CHR_6B 9; 3,0 3,9; 9,6 3,3 9,0
CHR_6C 9; 6,0 6,18
CHR_6D 9; 3,0 3,9 6,9 6,0; 6,9 9,9 9,0
CHR_6E 9; 3,0 3,9 9,9 9,0
CHR_6F 9; 3,0 3,9 9,9 9,0 3,0
CHR_70 9; 3,-9 3,9 9,9 9,0 3,0
CHR_71 9; 9,0 3,0 3,9 9,9 9,0 9,-9
CHR_72 9; 3,0 3,9; 3,6 9,9 
CHR_73 9; 3,0 9,0 9,4.5 3,4.5 3,9 9,9
CHR_74 9; 6,12 6,0 9,0; 3,9 9,9
CHR_75 9; 3,9 3,0 9,0 9,9;9,0 10,-2
CHR_76 9; 3,9 6,0 9,9
CHR_77 9; 3,9 3,0 6,6 9,0 9,9
CHR_78 9; 3,9 9,0; 9,9 3,0
CHR_79 9; 3,9 6,0; 9,9 3,-9
CHR_7A 9; 3,9 9,9 3,0 9,0
CHR_7B 15; 15,18 12,18 9,15 9,12 6,9 3,9; 6,9 9,6 9,3 12,0 15,0
CHR_7C 15; 9,18 9,0
CHR_7D 15; 3,18 6,18 9,15 9,12 12,9 15,9; 12,9 9,6 9,3 6,0 3,0
CHR_7E 15; 3,9 6,12 12,9 15,12 
